12.562814070351825
-0.0
-0.0
-0.0
-0.0
-0.0
12.562814070351825
12.562814070351825
12.562814070351825
25.12562814070365
37.688442211055474
50.2512562814073
50.2512562814073
62.81407035175913
62.81407035175913
75.37688442211095
87.93969849246278
87.93969849246278
87.93969849246278
75.37688442211095
50.2512562814073
37.688442211055474
25.12562814070365
-0.0
-0.0
-0.0
-0.0
-0.0
-0.0
-12.562814070351825
-12.562814070351825
-12.562814070351825
-12.562814070351825
-12.562814070351825
-12.562814070351825
-25.12562814070365
25.12562814070365
87.93969849246278
201.0050251256292
288.944723618092
351.7587939698511
402.0100502512584
288.944723618092
213.56783919598104
