176.10062893081854
201.2578616352212
213.8364779874225
213.8364779874225
238.99371069182516
251.57232704402648
251.57232704402648
251.57232704402648
251.57232704402648
238.99371069182516
226.41509433962383
201.2578616352212
188.67924528301987
163.52201257861722
125.78616352201324
100.6289308176106
88.05031446540927
62.89308176100662
50.3144654088053
37.735849056603975
25.15723270440265
12.578616352201324
-0.0
-0.0
-0.0
-0.0
-0.0
-12.578616352201324
-12.578616352201324
-12.578616352201324
-12.578616352201324
-12.578616352201324
-12.578616352201324
-12.578616352201324
-12.578616352201324
-12.578616352201324
-12.578616352201324
-12.578616352201324
-0.0
-0.0
-12.578616352201324
-12.578616352201324
-0.0
-12.578616352201324
-12.578616352201324
-12.578616352201324
-0.0
-12.578616352201324
-12.578616352201324
-0.0
-0.0
-0.0
-0.0
-0.0
-0.0
-0.0
-0.0
-0.0
-0.0
-0.0
-12.578616352201324
