-6.250000000000000000e-01
-6.250000000000000000e-01
-6.250000000000000000e-01
-6.250000000000000000e-01
-6.250000000000000000e-01
-6.250000000000000000e-01
-6.250000000000000000e-01
-6.250000000000000000e-01
-6.250000000000000000e-01
-6.250000000000000000e-01
-6.250000000000000000e-01
-6.250000000000000000e-01
-6.250000000000000000e-01
-6.250000000000000000e-01
-6.250000000000000000e-01
-6.250000000000000000e-01
-6.250000000000000000e-01
-6.250000000000000000e-01
-6.250000000000000000e-01
-6.250000000000000000e-01
-6.666666666666666297e-01
-6.666666666666666297e-01
-6.666666666666666297e-01
-6.666666666666666297e-01
-7.083333333333332593e-01
-7.083333333333332593e-01
-7.083333333333332593e-01
-7.083333333333332593e-01
-7.083333333333332593e-01
-7.500000000000000000e-01
-7.500000000000000000e-01
-7.500000000000000000e-01
-7.500000000000000000e-01
-7.500000000000000000e-01
-7.500000000000000000e-01
-7.500000000000000000e-01
-7.916666666666666297e-01
-7.916666666666666297e-01
-7.916666666666666297e-01
-7.916666666666666297e-01
-7.916666666666666297e-01
-7.916666666666666297e-01
-7.916666666666666297e-01
-7.916666666666666297e-01
-7.916666666666666297e-01
-7.916666666666666297e-01
-7.916666666666666297e-01
-7.916666666666666297e-01
-7.916666666666666297e-01
-8.333333333333332593e-01
-8.333333333333332593e-01
-8.333333333333332593e-01
-8.333333333333332593e-01
-8.333333333333332593e-01
-8.333333333333332593e-01
-7.916666666666666297e-01
-7.916666666666666297e-01
-7.916666666666666297e-01
-7.916666666666666297e-01
-7.916666666666666297e-01
-7.916666666666666297e-01
-7.916666666666666297e-01
-7.916666666666666297e-01
-7.916666666666666297e-01
-7.916666666666666297e-01
-7.916666666666666297e-01
-7.916666666666666297e-01
-7.500000000000000000e-01
-7.500000000000000000e-01
-7.500000000000000000e-01
-7.500000000000000000e-01
-7.083333333333332593e-01
-6.666666666666666297e-01
-6.250000000000000000e-01
-5.833333333333332593e-01
-5.833333333333332593e-01
-5.833333333333332593e-01
-5.833333333333332593e-01
-5.833333333333332593e-01
-6.250000000000000000e-01
-6.250000000000000000e-01
-6.666666666666666297e-01
-6.666666666666666297e-01
-7.083333333333332593e-01
-7.500000000000000000e-01
-7.500000000000000000e-01
-7.500000000000000000e-01
-7.083333333333332593e-01
-7.083333333333332593e-01
-7.083333333333332593e-01
-7.083333333333332593e-01
-7.083333333333332593e-01
-7.083333333333332593e-01
-7.083333333333332593e-01
-6.666666666666666297e-01
-7.083333333333332593e-01
-7.083333333333332593e-01
-6.666666666666666297e-01
-5.416666666666666297e-01
-1.666666666666665186e-01
2.916666666666667407e-01
6.666666666666669627e-01
9.583333333333334814e-01
1.000000000000000000e+00
6.666666666666669627e-01
2.083333333333334814e-01
-2.083333333333331483e-01
-6.250000000000000000e-01
-8.750000000000000000e-01
-9.583333333333332593e-01
-9.166666666666666297e-01
-8.333333333333332593e-01
-7.500000000000000000e-01
-7.083333333333332593e-01
-6.666666666666666297e-01
-6.666666666666666297e-01
-6.666666666666666297e-01
-6.250000000000000000e-01
-6.250000000000000000e-01
-6.250000000000000000e-01
-5.833333333333332593e-01
-5.833333333333332593e-01
-5.833333333333332593e-01
-5.833333333333332593e-01
-5.416666666666666297e-01
-5.416666666666666297e-01
-5.416666666666666297e-01
-5.416666666666666297e-01
-5.416666666666666297e-01
-5.416666666666666297e-01
-5.416666666666666297e-01
-5.416666666666666297e-01
-5.000000000000000000e-01
-5.000000000000000000e-01
-4.583333333333332593e-01
-4.166666666666665186e-01
-3.749999999999998890e-01
-3.333333333333332593e-01
-2.916666666666666297e-01
-2.499999999999998890e-01
-2.083333333333331483e-01
-1.249999999999998890e-01
-8.333333333333325932e-02
2.220446049250313081e-16
8.333333333333348136e-02
1.250000000000000000e-01
2.083333333333334814e-01
2.500000000000002220e-01
2.916666666666667407e-01
3.750000000000000000e-01
4.166666666666669627e-01
4.166666666666669627e-01
4.583333333333334814e-01
4.166666666666669627e-01
3.750000000000000000e-01
3.333333333333334814e-01
2.500000000000002220e-01
2.083333333333334814e-01
1.250000000000000000e-01
2.220446049250313081e-16
-8.333333333333325932e-02
-1.666666666666665186e-01
-2.499999999999998890e-01
-3.333333333333332593e-01
-3.749999999999998890e-01
-4.166666666666665186e-01
-4.583333333333332593e-01
-5.000000000000000000e-01
-5.416666666666666297e-01
-5.416666666666666297e-01
-5.833333333333332593e-01
-5.833333333333332593e-01
-5.833333333333332593e-01
-5.833333333333332593e-01
-5.833333333333332593e-01
-5.833333333333332593e-01
-5.833333333333332593e-01
-5.833333333333332593e-01
-5.833333333333332593e-01
-5.833333333333332593e-01
-5.833333333333332593e-01
-5.833333333333332593e-01
-5.833333333333332593e-01
-5.833333333333332593e-01
-5.833333333333332593e-01
-5.833333333333332593e-01
-5.833333333333332593e-01
-5.833333333333332593e-01
-5.833333333333332593e-01
-5.833333333333332593e-01
-5.833333333333332593e-01
-5.833333333333332593e-01
-5.833333333333332593e-01
-5.833333333333332593e-01
-5.833333333333332593e-01
-5.833333333333332593e-01
-5.833333333333332593e-01
-5.833333333333332593e-01
-5.833333333333332593e-01
-5.833333333333332593e-01
-5.833333333333332593e-01
-6.250000000000000000e-01
-5.833333333333332593e-01
-5.833333333333332593e-01
-5.833333333333332593e-01
-5.833333333333332593e-01
-6.250000000000000000e-01
-6.250000000000000000e-01
-6.250000000000000000e-01
-6.250000000000000000e-01
-6.250000000000000000e-01
-6.250000000000000000e-01
-6.250000000000000000e-01
-6.250000000000000000e-01
-6.250000000000000000e-01
-6.250000000000000000e-01
-6.250000000000000000e-01
-6.250000000000000000e-01
-6.250000000000000000e-01
-6.250000000000000000e-01
-6.250000000000000000e-01
-6.250000000000000000e-01
-6.250000000000000000e-01
-6.250000000000000000e-01
-6.250000000000000000e-01
-6.666666666666666297e-01
-6.666666666666666297e-01
-6.666666666666666297e-01
-6.250000000000000000e-01
-6.250000000000000000e-01
-6.250000000000000000e-01
-6.250000000000000000e-01
-6.250000000000000000e-01
-6.250000000000000000e-01
-6.250000000000000000e-01
-6.250000000000000000e-01
-6.250000000000000000e-01
-6.250000000000000000e-01
-6.250000000000000000e-01
-6.250000000000000000e-01
-6.250000000000000000e-01
-6.250000000000000000e-01
-6.250000000000000000e-01
-6.250000000000000000e-01
-6.250000000000000000e-01
-6.250000000000000000e-01
-6.250000000000000000e-01
-6.250000000000000000e-01
-6.250000000000000000e-01
-6.250000000000000000e-01
-5.833333333333332593e-01
-5.416666666666666297e-01
-5.000000000000000000e-01
-4.583333333333332593e-01
-4.583333333333332593e-01
-4.166666666666665186e-01
-4.583333333333332593e-01
-4.583333333333332593e-01
-5.000000000000000000e-01
-5.416666666666666297e-01
-5.416666666666666297e-01
-5.833333333333332593e-01
-5.833333333333332593e-01
-6.250000000000000000e-01
-6.666666666666666297e-01
-6.666666666666666297e-01
-6.666666666666666297e-01
-6.666666666666666297e-01
-6.666666666666666297e-01
-6.666666666666666297e-01
-6.666666666666666297e-01
-6.666666666666666297e-01
-6.666666666666666297e-01
-7.083333333333332593e-01
-7.083333333333332593e-01
-7.083333333333332593e-01
-7.500000000000000000e-01
-5.416666666666666297e-01
-2.499999999999998890e-01
1.250000000000000000e-01
5.833333333333334814e-01
8.750000000000002220e-01
9.583333333333334814e-01
6.666666666666669627e-01
2.500000000000002220e-01
-2.916666666666666297e-01
-5.833333333333332593e-01
-8.750000000000000000e-01
-1.000000000000000000e+00
-9.583333333333332593e-01
-8.750000000000000000e-01
-8.333333333333332593e-01
-7.500000000000000000e-01
-7.500000000000000000e-01
-7.083333333333332593e-01
-7.083333333333332593e-01
-7.083333333333332593e-01
-7.083333333333332593e-01
-6.666666666666666297e-01
-6.666666666666666297e-01
-6.250000000000000000e-01
-6.250000000000000000e-01
-6.250000000000000000e-01
-6.250000000000000000e-01
-6.250000000000000000e-01
-6.250000000000000000e-01
-6.250000000000000000e-01
-6.250000000000000000e-01
-6.250000000000000000e-01
-6.250000000000000000e-01
-5.833333333333332593e-01
-5.833333333333332593e-01
-5.416666666666666297e-01
-5.416666666666666297e-01
-5.000000000000000000e-01
-4.583333333333332593e-01
-4.166666666666665186e-01
-3.749999999999998890e-01
-3.333333333333332593e-01
-2.916666666666666297e-01
-2.083333333333331483e-01
-1.666666666666665186e-01
-8.333333333333325932e-02
2.220446049250313081e-16
8.333333333333348136e-02
1.666666666666667407e-01
2.083333333333334814e-01
2.500000000000002220e-01
3.333333333333334814e-01
3.750000000000000000e-01
3.750000000000000000e-01
4.166666666666669627e-01
4.166666666666669627e-01
3.750000000000000000e-01
3.333333333333334814e-01
2.500000000000002220e-01
1.666666666666667407e-01
8.333333333333348136e-02
2.220446049250313081e-16
-8.333333333333325932e-02
-1.666666666666665186e-01
-2.499999999999998890e-01
-2.916666666666666297e-01
-3.749999999999998890e-01
-4.166666666666665186e-01
-4.583333333333332593e-01
-5.000000000000000000e-01
-5.416666666666666297e-01
-5.416666666666666297e-01
-5.416666666666666297e-01
-5.416666666666666297e-01
-5.416666666666666297e-01
-5.416666666666666297e-01
-5.416666666666666297e-01
-5.416666666666666297e-01
-5.833333333333332593e-01
-5.833333333333332593e-01
-5.833333333333332593e-01
-5.833333333333332593e-01
-5.416666666666666297e-01
-5.416666666666666297e-01
-5.416666666666666297e-01
-5.416666666666666297e-01
-5.416666666666666297e-01
-5.416666666666666297e-01
-5.416666666666666297e-01
-5.416666666666666297e-01
-5.416666666666666297e-01
-5.000000000000000000e-01
-5.000000000000000000e-01
-5.000000000000000000e-01
-5.416666666666666297e-01
-5.416666666666666297e-01
-5.416666666666666297e-01
-5.416666666666666297e-01
-5.416666666666666297e-01
-5.416666666666666297e-01
-5.416666666666666297e-01
-5.416666666666666297e-01
-5.416666666666666297e-01
-5.416666666666666297e-01
