-0.0
-0.0
-0.0
-0.0
-0.0
-0.0
-0.0
-0.0
-0.0
-0.0
-0.0
-0.0
-0.0
-0.0
-0.0
-0.0
-0.0
-0.0
-0.0
-0.0
-12.531328320802071
-12.531328320802071
-12.531328320802071
-12.531328320802071
-25.062656641604143
-25.062656641604143
-25.062656641604143
-25.062656641604143
-25.062656641604143
-37.59398496240621
-37.59398496240621
-37.59398496240621
-37.59398496240621
-37.59398496240621
-37.59398496240621
-37.59398496240621
-50.125313283208285
-50.125313283208285
-50.125313283208285
-50.125313283208285
-50.125313283208285
-50.125313283208285
-50.125313283208285
-50.125313283208285
-50.125313283208285
-50.125313283208285
-50.125313283208285
-50.125313283208285
-50.125313283208285
-62.65664160401036
-62.65664160401036
-62.65664160401036
-62.65664160401036
-62.65664160401036
-62.65664160401036
-50.125313283208285
-50.125313283208285
-50.125313283208285
-50.125313283208285
-50.125313283208285
-50.125313283208285
-50.125313283208285
-50.125313283208285
-50.125313283208285
-50.125313283208285
-50.125313283208285
-50.125313283208285
-37.59398496240621
-37.59398496240621
-37.59398496240621
-37.59398496240621
-25.062656641604143
-12.531328320802071
-0.0
12.531328320802071
12.531328320802071
12.531328320802071
12.531328320802071
12.531328320802071
-0.0
-0.0
-12.531328320802071
-12.531328320802071
-25.062656641604143
-37.59398496240621
-37.59398496240621
-37.59398496240621
-25.062656641604143
-25.062656641604143
-25.062656641604143
-25.062656641604143
-25.062656641604143
-25.062656641604143
-25.062656641604143
-12.531328320802071
-25.062656641604143
-25.062656641604143
-12.531328320802071
25.062656641604143
137.84461152882278
275.68922305764556
388.4711779448642
476.1904761904787
488.72180451128077
388.4711779448642
250.62656641604144
125.31328320802072
-0.0
-75.18796992481242
-100.25062656641657
-87.7192982456145
-62.65664160401036
-37.59398496240621
-25.062656641604143
-12.531328320802071
-12.531328320802071
-12.531328320802071
-0.0
-0.0
-0.0
12.531328320802071
12.531328320802071
12.531328320802071
12.531328320802071
25.062656641604143
25.062656641604143
25.062656641604143
25.062656641604143
25.062656641604143
25.062656641604143
25.062656641604143
25.062656641604143
37.59398496240621
37.59398496240621
50.125313283208285
62.65664160401036
75.18796992481242
87.7192982456145
100.25062656641657
112.78195488721865
125.31328320802072
150.37593984962484
162.90726817042693
187.96992481203108
213.0325814536352
225.5639097744373
250.62656641604144
263.1578947368435
275.68922305764556
300.7518796992497
313.2832080200518
313.2832080200518
325.81453634085386
313.2832080200518
300.7518796992497
288.2205513784476
263.1578947368435
250.62656641604144
225.5639097744373
187.96992481203108
162.90726817042693
137.84461152882278
112.78195488721865
87.7192982456145
75.18796992481242
62.65664160401036
50.125313283208285
37.59398496240621
25.062656641604143
25.062656641604143
12.531328320802071
12.531328320802071
12.531328320802071
12.531328320802071
12.531328320802071
12.531328320802071
12.531328320802071
12.531328320802071
12.531328320802071
12.531328320802071
12.531328320802071
12.531328320802071
12.531328320802071
12.531328320802071
12.531328320802071
12.531328320802071
12.531328320802071
12.531328320802071
12.531328320802071
12.531328320802071
12.531328320802071
12.531328320802071
12.531328320802071
12.531328320802071
12.531328320802071
12.531328320802071
12.531328320802071
12.531328320802071
12.531328320802071
12.531328320802071
12.531328320802071
-0.0
12.531328320802071
12.531328320802071
12.531328320802071
12.531328320802071
-0.0
-0.0
-0.0
-0.0
-0.0
-0.0
-0.0
-0.0
-0.0
-0.0
-0.0
-0.0
-0.0
-0.0
-0.0
-0.0
-0.0
-0.0
-0.0
-12.531328320802071
-12.531328320802071
-12.531328320802071
-0.0
-0.0
-0.0
-0.0
-0.0
-0.0
-0.0
-0.0
-0.0
-0.0
-0.0
-0.0
-0.0
-0.0
-0.0
-0.0
-0.0
-0.0
-0.0
-0.0
-0.0
-0.0
12.531328320802071
25.062656641604143
37.59398496240621
50.125313283208285
50.125313283208285
62.65664160401036
50.125313283208285
50.125313283208285
37.59398496240621
25.062656641604143
25.062656641604143
12.531328320802071
12.531328320802071
-0.0
-12.531328320802071
-12.531328320802071
-12.531328320802071
-12.531328320802071
-12.531328320802071
-12.531328320802071
-12.531328320802071
-12.531328320802071
-12.531328320802071
-25.062656641604143
-25.062656641604143
-25.062656641604143
-37.59398496240621
25.062656641604143
112.78195488721865
225.5639097744373
363.40852130326004
451.1278195488746
476.1904761904787
388.4711779448642
263.1578947368435
100.25062656641657
12.531328320802071
-75.18796992481242
-112.78195488721865
-100.25062656641657
-75.18796992481242
-62.65664160401036
-37.59398496240621
-37.59398496240621
-25.062656641604143
-25.062656641604143
-25.062656641604143
-25.062656641604143
-12.531328320802071
-12.531328320802071
-0.0
-0.0
-0.0
-0.0
-0.0
-0.0
-0.0
-0.0
-0.0
-0.0
12.531328320802071
12.531328320802071
25.062656641604143
25.062656641604143
37.59398496240621
50.125313283208285
62.65664160401036
75.18796992481242
87.7192982456145
100.25062656641657
125.31328320802072
137.84461152882278
162.90726817042693
187.96992481203108
213.0325814536352
238.09523809523935
250.62656641604144
263.1578947368435
288.2205513784476
300.7518796992497
300.7518796992497
313.2832080200518
313.2832080200518
300.7518796992497
288.2205513784476
263.1578947368435
238.09523809523935
213.0325814536352
187.96992481203108
162.90726817042693
137.84461152882278
112.78195488721865
100.25062656641657
75.18796992481242
62.65664160401036
50.125313283208285
37.59398496240621
25.062656641604143
25.062656641604143
25.062656641604143
25.062656641604143
25.062656641604143
25.062656641604143
25.062656641604143
25.062656641604143
12.531328320802071
12.531328320802071
12.531328320802071
12.531328320802071
25.062656641604143
25.062656641604143
25.062656641604143
25.062656641604143
25.062656641604143
25.062656641604143
25.062656641604143
25.062656641604143
25.062656641604143
37.59398496240621
37.59398496240621
37.59398496240621
25.062656641604143
25.062656641604143
25.062656641604143
25.062656641604143
25.062656641604143
25.062656641604143
25.062656641604143
25.062656641604143
25.062656641604143
25.062656641604143
