-5.773672055427307
-5.773672055427307
-5.773672055427307
-5.773672055427307
-5.773672055427307
-8.66050808314096
-8.66050808314096
-8.66050808314096
-8.66050808314096
-8.66050808314096
-11.547344110854613
-11.547344110854613
-11.547344110854613
-11.547344110854613
-11.547344110854613
-11.547344110854613
-14.434180138568266
-14.434180138568266
-14.434180138568266
-14.434180138568266
-11.547344110854613
-11.547344110854613
-11.547344110854613
-14.434180138568266
-11.547344110854613
-11.547344110854613
-11.547344110854613
-8.66050808314096
-8.66050808314096
-2.8868360277136533
-0.0
-0.0
-0.0
-0.0
-2.8868360277136533
-2.8868360277136533
-5.773672055427307
-8.66050808314096
-14.434180138568266
-17.32101616628192
-17.32101616628192
-17.32101616628192
-20.207852193995574
-20.207852193995574
-20.207852193995574
-23.094688221709227
-23.094688221709227
-23.094688221709227
-23.094688221709227
-23.094688221709227
-17.32101616628192
5.773672055427307
72.17090069284133
132.79445727482806
184.7575057736738
150.11547344110997
112.58660508083248
63.510392609700375
2.8868360277136533
-54.849884526559414
-49.07621247113211
-20.207852193995574
-11.547344110854613
-8.66050808314096
-8.66050808314096
-8.66050808314096
-8.66050808314096
-5.773672055427307
-8.66050808314096
-5.773672055427307
-5.773672055427307
-2.8868360277136533
-2.8868360277136533
-2.8868360277136533
-0.0
-0.0
-0.0
-0.0
2.8868360277136533
2.8868360277136533
8.66050808314096
8.66050808314096
11.547344110854613
17.32101616628192
17.32101616628192
23.094688221709227
25.98152424942288
28.86836027713653
34.64203233256384
40.41570438799115
43.3025404157048
46.18937644341845
49.07621247113211
51.96304849884576
51.96304849884576
54.849884526559414
51.96304849884576
49.07621247113211
46.18937644341845
40.41570438799115
34.64203233256384
28.86836027713653
23.094688221709227
17.32101616628192
11.547344110854613
5.773672055427307
5.773672055427307
2.8868360277136533
2.8868360277136533
2.8868360277136533
2.8868360277136533
2.8868360277136533
-0.0
-0.0
-0.0
-0.0
-0.0
-0.0
-0.0
-0.0
-0.0
-0.0
-0.0
-0.0
-0.0
-0.0
-0.0
-0.0
-0.0
-0.0
-0.0
-0.0
-0.0
-0.0
-0.0
-0.0
-2.8868360277136533
-2.8868360277136533
-2.8868360277136533
-2.8868360277136533
-2.8868360277136533
-2.8868360277136533
-5.773672055427307
-5.773672055427307
-5.773672055427307
-5.773672055427307
-2.8868360277136533
-2.8868360277136533
-5.773672055427307
-5.773672055427307
-5.773672055427307
-2.8868360277136533
-2.8868360277136533
-0.0
-0.0
-0.0
2.8868360277136533
5.773672055427307
5.773672055427307
2.8868360277136533
2.8868360277136533
2.8868360277136533
2.8868360277136533
-0.0
-2.8868360277136533
-8.66050808314096
-8.66050808314096
-8.66050808314096
-11.547344110854613
-11.547344110854613
-11.547344110854613
-11.547344110854613
-14.434180138568266
-14.434180138568266
-14.434180138568266
-14.434180138568266
-11.547344110854613
-2.8868360277136533
28.86836027713653
101.03926096997786
167.4364896073919
213.62586605081034
178.9838337182465
115.47344110854613
57.73672055427306
-17.32101616628192
-46.18937644341845
-28.86836027713653
-8.66050808314096
-0.0
-0.0
-0.0
-0.0
-0.0
2.8868360277136533
2.8868360277136533
2.8868360277136533
2.8868360277136533
2.8868360277136533
2.8868360277136533
5.773672055427307
5.773672055427307
5.773672055427307
8.66050808314096
11.547344110854613
14.434180138568266
17.32101616628192
20.207852193995574
23.094688221709227
25.98152424942288
25.98152424942288
31.755196304850188
37.52886836027749
40.41570438799115
43.3025404157048
49.07621247113211
54.849884526559414
57.73672055427306
60.62355658198672
63.510392609700375
66.39722863741403
66.39722863741403
66.39722863741403
66.39722863741403
60.62355658198672
54.849884526559414
46.18937644341845
40.41570438799115
34.64203233256384
25.98152424942288
23.094688221709227
17.32101616628192
14.434180138568266
11.547344110854613
8.66050808314096
5.773672055427307
5.773672055427307
5.773672055427307
5.773672055427307
5.773672055427307
2.8868360277136533
2.8868360277136533
2.8868360277136533
2.8868360277136533
2.8868360277136533
2.8868360277136533
2.8868360277136533
2.8868360277136533
2.8868360277136533
2.8868360277136533
5.773672055427307
5.773672055427307
5.773672055427307
5.773672055427307
5.773672055427307
5.773672055427307
5.773672055427307
5.773672055427307
5.773672055427307
2.8868360277136533
2.8868360277136533
2.8868360277136533
2.8868360277136533
2.8868360277136533
2.8868360277136533
2.8868360277136533
2.8868360277136533
-0.0
2.8868360277136533
2.8868360277136533
-0.0
-0.0
-2.8868360277136533
-2.8868360277136533
-2.8868360277136533
-2.8868360277136533
-2.8868360277136533
-0.0
-0.0
2.8868360277136533
2.8868360277136533
5.773672055427307
5.773672055427307
8.66050808314096
5.773672055427307
5.773672055427307
5.773672055427307
5.773672055427307
2.8868360277136533
-0.0
-2.8868360277136533
-5.773672055427307
-8.66050808314096
-8.66050808314096
-11.547344110854613
-11.547344110854613
-11.547344110854613
-11.547344110854613
-14.434180138568266
-14.434180138568266
-14.434180138568266
-14.434180138568266
-11.547344110854613
5.773672055427307
60.62355658198672
92.3787528868369
167.4364896073919
210.7390300230967
132.79445727482806
63.510392609700375
-5.773672055427307
-49.07621247113211
-46.18937644341845
-23.094688221709227
-5.773672055427307
-2.8868360277136533
-2.8868360277136533
-2.8868360277136533
-2.8868360277136533
-2.8868360277136533
-2.8868360277136533
-2.8868360277136533
-2.8868360277136533
-0.0
-0.0
-0.0
2.8868360277136533
2.8868360277136533
2.8868360277136533
5.773672055427307
5.773672055427307
8.66050808314096
11.547344110854613
14.434180138568266
17.32101616628192
20.207852193995574
23.094688221709227
25.98152424942288
31.755196304850188
34.64203233256384
40.41570438799115
43.3025404157048
46.18937644341845
51.96304849884576
54.849884526559414
54.849884526559414
57.73672055427306
57.73672055427306
57.73672055427306
54.849884526559414
49.07621247113211
43.3025404157048
40.41570438799115
31.755196304850188
25.98152424942288
20.207852193995574
14.434180138568266
8.66050808314096
5.773672055427307
5.773672055427307
2.8868360277136533
2.8868360277136533
2.8868360277136533
2.8868360277136533
2.8868360277136533
2.8868360277136533
2.8868360277136533
-0.0
-0.0
-0.0
-0.0
-0.0
-0.0
-0.0
-0.0
-0.0
-0.0
-0.0
-0.0
-0.0
-0.0
-0.0
-0.0
-0.0
-0.0
-0.0
-2.8868360277136533
-2.8868360277136533
-2.8868360277136533
-2.8868360277136533
-2.8868360277136533
-2.8868360277136533
-5.773672055427307
-5.773672055427307
-5.773672055427307
-5.773672055427307
-5.773672055427307
-8.66050808314096
-8.66050808314096
-8.66050808314096
-5.773672055427307
-5.773672055427307
-8.66050808314096
-5.773672055427307
-5.773672055427307
-2.8868360277136533
-2.8868360277136533
-0.0
-0.0
-0.0
-0.0
2.8868360277136533
2.8868360277136533
2.8868360277136533
2.8868360277136533
