nan
nan
nan
-41.9345820519993
-27.956388034666197
-13.978194017333099
-0.0
-0.0
-0.0
-2.7956388034666197
-2.7956388034666197
-2.7956388034666197
-0.0
-0.0
-0.0
-2.7956388034666197
-2.7956388034666197
-2.7956388034666197
-0.0
-0.0
-0.0
-0.0
-0.0
-0.0
-2.7956388034666197
-0.0
-0.0
-0.0
-0.0
-2.7956388034666197
-0.0
2.7956388034666197
2.7956388034666197
2.7956388034666197
-0.0
-0.0
-0.0
-0.0
-0.0
2.7956388034666197
2.7956388034666197
2.7956388034666197
-0.0
5.5912776069332395
5.5912776069332395
8.38691641039986
8.38691641039986
5.5912776069332395
2.7956388034666197
-0.0
2.7956388034666197
5.5912776069332395
5.5912776069332395
2.7956388034666197
-0.0
-5.5912776069332395
-5.5912776069332395
-5.5912776069332395
-5.5912776069332395
-5.5912776069332395
-5.5912776069332395
-5.5912776069332395
-5.5912776069332395
-2.7956388034666197
11.182555213866479
11.182555213866479
41.9345820519993
50.321498462399155
61.504053676265634
75.48224769359874
33.54766564159944
-16.77383282079972
-16.77383282079972
-13.978194017333099
-11.182555213866479
-2.7956388034666197
-2.7956388034666197
-2.096729102599965
-1.3978194017333099
-0.6989097008666549
-0.0
-0.0
-0.0
-0.0
-0.0
-0.0
-0.0
-2.7956388034666197
-2.7956388034666197
-0.0
-0.0
-0.0
-0.0
-0.0
-0.0
-0.0
-0.0
-0.0
-0.0
2.7956388034666197
2.7956388034666197
2.7956388034666197
2.7956388034666197
-0.0
2.7956388034666197
2.7956388034666197
5.5912776069332395
8.38691641039986
8.38691641039986
8.38691641039986
8.38691641039986
5.5912776069332395
5.5912776069332395
8.38691641039986
11.182555213866479
13.978194017333099
13.978194017333099
13.978194017333099
16.77383282079972
19.56947162426634
22.365110427732958
25.160749231199578
27.956388034666197
27.956388034666197
27.956388034666197
27.956388034666197
30.752026838132817
30.752026838132817
33.54766564159944
33.54766564159944
33.54766564159944
30.752026838132817
27.956388034666197
23.762929829466266
19.56947162426634
16.77383282079972
13.978194017333099
13.978194017333099
11.182555213866479
8.38691641039986
5.5912776069332395
2.7956388034666197
-0.0
2.7956388034666197
2.7956388034666197
5.5912776069332395
2.7956388034666197
2.7956388034666197
2.7956388034666197
2.7956388034666197
-0.0
-2.7956388034666197
-2.7956388034666197
-2.7956388034666197
-1.3978194017333099
-0.0
-0.0
-0.0
-0.0
-0.0
-0.0
-0.0
-0.0
-0.0
-0.0
-0.0
-0.0
-0.0
-0.0
-0.0
-0.0
-0.0
-0.0
-0.0
-0.0
2.7956388034666197
2.7956388034666197
-0.0
-0.0
-0.0
-0.0
-0.0
2.7956388034666197
2.7956388034666197
-0.0
-0.0
-0.0
-0.0
-0.0
-0.0
-0.0
-0.0
-0.0
-0.0
-2.7956388034666197
-2.7956388034666197
-0.0
2.7956388034666197
-0.0
-2.7956388034666197
-2.7956388034666197
-2.7956388034666197
-2.7956388034666197
-0.0
-0.0
-0.0
-0.0
-0.0
-0.0
-0.0
-0.0
-0.0
-0.0
-0.0
-0.0
-0.0
-0.0
-0.0
-0.0
-0.0
-0.0
-2.7956388034666197
-2.7956388034666197
-0.0
-0.0
-0.0
-0.0
-0.0
-0.0
-0.0
-0.0
-0.0
-0.0
-0.0
-0.0
-0.0
-0.0
-0.0
-0.0
-0.0
-0.0
-0.0
-0.0
-0.0
-0.0
-0.0
-0.0
-0.0
-0.0
-0.0
-0.0
-0.0
2.7956388034666197
-2.7956388034666197
-2.7956388034666197
-0.0
-0.0
-0.0
-0.0
-0.0
-0.0
1.3978194017333099
2.7956388034666197
5.5912776069332395
5.5912776069332395
5.5912776069332395
5.5912776069332395
5.5912776069332395
5.5912776069332395
2.7956388034666197
5.5912776069332395
5.5912776069332395
5.5912776069332395
-0.0
-2.7956388034666197
-5.5912776069332395
-5.5912776069332395
-5.5912776069332395
-5.5912776069332395
-5.5912776069332395
-5.5912776069332395
-2.7956388034666197
-5.5912776069332395
-2.7956388034666197
5.5912776069332395
50.321498462399155
39.13894324853268
61.504053676265634
69.89097008666549
50.321498462399155
41.9345820519993
-16.77383282079972
-11.182555213866479
-5.5912776069332395
-2.7956388034666197
-2.7956388034666197
-0.0
-0.0
-0.0
-0.0
-0.0
-5.5912776069332395
-5.5912776069332395
-5.5912776069332395
-5.5912776069332395
-2.7956388034666197
-2.7956388034666197
-0.0
2.7956388034666197
2.7956388034666197
-0.0
-0.0
-0.0
-0.0
-0.0
-0.0
-0.0
-0.0
-0.0
-2.7956388034666197
-1.3978194017333099
-0.0
-0.0
-0.0
2.7956388034666197
2.7956388034666197
2.7956388034666197
5.5912776069332395
5.5912776069332395
5.5912776069332395
2.7956388034666197
2.7956388034666197
5.5912776069332395
5.5912776069332395
11.182555213866479
11.182555213866479
8.38691641039986
8.38691641039986
11.182555213866479
13.978194017333099
13.978194017333099
19.56947162426634
22.365110427732958
22.365110427732958
22.365110427732958
25.160749231199578
25.160749231199578
27.956388034666197
30.752026838132817
30.752026838132817
30.752026838132817
27.956388034666197
25.160749231199578
22.365110427732958
19.56947162426634
16.77383282079972
11.182555213866479
11.182555213866479
8.38691641039986
8.38691641039986
5.5912776069332395
5.5912776069332395
2.7956388034666197
-0.0
2.7956388034666197
2.7956388034666197
-0.0
-2.7956388034666197
-5.5912776069332395
-2.7956388034666197
-2.7956388034666197
-2.7956388034666197
-2.7956388034666197
-2.7956388034666197
-5.5912776069332395
-5.5912776069332395
-2.7956388034666197
-2.7956388034666197
-2.7956388034666197
-5.5912776069332395
-5.5912776069332395
-5.5912776069332395
-5.5912776069332395
-8.38691641039986
-8.38691641039986
-8.38691641039986
-8.38691641039986
-5.5912776069332395
-5.5912776069332395
-5.5912776069332395
-2.7956388034666197
-5.5912776069332395
-8.38691641039986
-8.38691641039986
-5.5912776069332395
-5.5912776069332395
-5.5912776069332395
-8.38691641039986
-8.38691641039986
-6.523157208088786
-4.659398005777693
-2.7956388034666197
-2.7956388034666197
-5.5912776069332395
-5.5912776069332395
-8.38691641039986
-8.38691641039986
-8.38691641039986
-8.38691641039986
-8.38691641039986
-5.5912776069332395
-8.38691641039986
-8.38691641039986
-8.38691641039986
-8.38691641039986
-5.5912776069332395
-5.5912776069332395
-5.5912776069332395
-8.38691641039986
-8.38691641039986
-11.182555213866479
-8.38691641039986
-8.38691641039986
-8.38691641039986
-8.38691641039986
-8.38691641039986
-8.38691641039986
-8.38691641039986
-8.38691641039986
-8.38691641039986
-8.38691641039986
-5.5912776069332395
-8.38691641039986
-8.38691641039986
-8.38691641039986
-8.38691641039986
-8.38691641039986
-11.182555213866479
-11.182555213866479
-11.182555213866479
-11.182555213866479
-11.182555213866479
-11.182555213866479
-11.182555213866479
-8.38691641039986
-8.38691641039986
-5.5912776069332395
-8.38691641039986
-11.182555213866479
-11.182555213866479
-11.182555213866479
-8.38691641039986
-8.38691641039986
-8.38691641039986
-11.182555213866479
-11.182555213866479
-11.182555213866479
-11.182555213866479
-11.182555213866479
-11.182555213866479
-11.182555213866479
-11.182555213866479
-11.182555213866479
-8.38691641039986
-8.38691641039986
-8.38691641039986
-11.182555213866479
-8.38691641039986
-11.182555213866479
-11.182555213866479
-11.182555213866479
-11.182555213866479
-11.182555213866479
-8.38691641039986
-11.182555213866479
-11.182555213866479
-11.182555213866479
-11.182555213866479
-8.38691641039986
-11.182555213866479
-11.182555213866479
-11.182555213866479
-11.182555213866479
-11.182555213866479
-11.182555213866479
-11.182555213866479
-8.38691641039986
44.730220855465916
44.730220855465916
44.730220855465916
44.730220855465916
142.5775789767976
142.5775789767976
142.5775789767976
142.5775789767976
142.5775789767976
142.5775789767976
142.5775789767976
142.5775789767976
142.5775789767976
142.5775789767976
142.5775789767976
142.5775789767976
139.78194017333098
136.98630136986438
142.5775789767976
142.5775789767976
142.5775789767976
142.5775789767976
142.5775789767976
142.5775789767976
142.5775789767976
142.5775789767976
142.5775789767976
142.5775789767976
142.5775789767976
142.5775789767976
142.5775789767976
142.5775789767976
142.5775789767976
142.5775789767976
142.5775789767976
142.5775789767976
142.5775789767976
142.5775789767976
142.5775789767976
142.5775789767976
142.5775789767976
142.5775789767976
142.5775789767976
142.5775789767976
142.5775789767976
139.78194017333098
142.5775789767976
142.5775789767976
142.5775789767976
139.78194017333098
139.78194017333098
139.78194017333098
139.78194017333098
139.78194017333098
139.78194017333098
139.78194017333098
139.78194017333098
139.78194017333098
139.78194017333098
139.78194017333098
139.78194017333098
139.78194017333098
139.78194017333098
139.78194017333098
139.78194017333098
139.78194017333098
139.78194017333098
139.78194017333098
139.78194017333098
139.78194017333098
139.78194017333098
139.78194017333098
139.78194017333098
139.78194017333098
139.78194017333098
139.78194017333098
139.78194017333098
139.78194017333098
139.78194017333098
139.78194017333098
139.78194017333098
139.78194017333098
139.78194017333098
139.78194017333098
139.78194017333098
139.78194017333098
139.78194017333098
139.78194017333098
139.78194017333098
139.78194017333098
139.78194017333098
139.78194017333098
139.78194017333098
139.78194017333098
139.78194017333098
139.78194017333098
139.78194017333098
139.78194017333098
139.78194017333098
139.78194017333098
136.98630136986438
136.98630136986438
136.98630136986438
136.98630136986438
136.98630136986438
136.98630136986438
136.98630136986438
136.98630136986438
136.98630136986438
136.98630136986438
136.98630136986438
136.98630136986438
136.98630136986438
136.98630136986438
136.98630136986438
136.98630136986438
136.98630136986438
136.98630136986438
136.98630136986438
136.98630136986438
136.98630136986438
136.98630136986438
136.98630136986438
136.98630136986438
136.98630136986438
136.98630136986438
136.98630136986438
136.98630136986438
136.98630136986438
136.98630136986438
136.98630136986438
136.98630136986438
136.98630136986438
136.98630136986438
136.98630136986438
136.98630136986438
136.98630136986438
136.98630136986438
134.19066256639775
134.19066256639775
134.19066256639775
134.19066256639775
134.19066256639775
